6.537466384393522123e-01
4.800472746262876012e-01
2.929399637701521897e-01
5.191937373507251596e-01
9.711252217332375647e-01
2.832248300723904100e-01
3.843721368385164538e-01
3.647451045008859305e-01
1.242286796578137009e-01
4.537923028929614633e-01
5.991633859836762444e-01
1.149059647768924108e-01
6.697837351498884262e-01
9.296782838677679628e-01
9.311150851330232125e-01
5.491397956757315679e-02
9.590852140530864434e-01
7.170005412680003909e-01
7.215097811950738071e-01
5.191051163005468982e-01
5.602229753013342473e-01
8.793973878393347432e-01
5.640187855429883435e-01
4.170007452772256373e-01
4.908163634225587435e-01
7.285007896210869971e-01
9.227238615616610851e-01
9.530859967859445225e-01
2.929756019011768853e-01
1.186153699566229180e-01
1.613055478216196548e-01
5.069116274250570209e-01
6.554508478646635661e-01
4.131555645861921811e-01
4.362405059291385445e-01
7.794947290736060630e-01
5.185241596101085593e-01
8.589659509912799251e-01
2.843407915489152282e-01
4.517015648318265519e-01
2.217903567547498955e-01
2.076789147729907192e-02
4.887211332356546922e-01
7.546941423661553960e-01
5.613492579285578321e-01
5.454532458353218427e-01
6.825951972172097371e-01
1.052381244482492040e-02
2.863698520213170395e-01
5.600075535530341098e-01
8.443638227658164519e-01
8.619602088271687279e-01
6.376892422732263199e-01
6.970632735638057076e-01
1.647425355909327704e-01
5.250400381901807467e-01
8.925206056524284115e-01
9.127846938327511817e-01
8.891952692334159636e-02
2.897019000082415863e-01
8.845856131649131315e-01
1.491016337293934457e-01
6.018157169070970092e-01
1.514424779385601383e-01
8.471732700889528234e-01
5.355679586268987658e-01
4.496173864051148383e-01
4.926896609335481569e-01
1.888208090788089377e-01
3.954937040446937502e-02
5.838244721795249337e-02
6.721526393226123774e-01
6.590113486673896404e-01
1.734274555287113051e-01
4.529475867749236384e-01
1.719106221460119377e-01
7.365744343492756085e-01
4.104716509536803226e-01
9.724282304373175201e-01
4.266480547078902452e-01
5.836276298926862394e-01
3.796973928364888451e-01
2.091719839056410679e-01
7.150756366087217542e-01
5.484691133478836189e-02
6.944167777476062398e-02
7.882572677007063655e-01
3.849779146467237068e-01
5.386724454702721543e-01
9.219905508760940505e-01
3.506434574146294336e-01
2.473320974077236611e-01
8.396943189352865655e-01
7.016680713095245769e-01
1.216499323958636358e-01
9.446958352011347593e-01
2.333998132563062100e-01
4.822020611162040060e-01
4.464445257843498993e-01
3.940729185214858488e-01
