18.33 4.66 16.00 20.66 26.00 13.66 
10.66 17.33 31.33 3.66 5.66 27.66 
27.66 4.33 20.33 23.00 14.66 13.00 
25.66 11.33 11.33 .66 31.00 8.00 
8.33 9.33 16.33 30.66 1.00 2.66 
14.66 29.00 21.00 20.66 7.66 32.66 
30.00 6.66 2.00 26.33 10.66 10.00 
24.33 30.33 13.66 12.00 0 31.00 
21.00 32.00 5.66 18.66 10.00 27.00 
12.33 18.66 11.66 30.00 23.00 11.66 
10.66 18.00 29.00 20.33 27.00 33.00 
7.00 25.66 15.66 18.00 33.00 12.00 
31.00 2.33 28.33 4.00 22.33 5.33 
21.66 17.66 9.00 19.66 32.66 31.33 
7.66 2.33 19.66 6.33 25.00 4.33 
15.66 22.66 26.33 27.66 27.00 28.66 
17.00 16.33 28.00 32.00 23.66 31.33 
7.66 33.00 3.00 5.66 18.33 23.33 
16.33 26.33 20.66 17.00 2.00 32.00 
18.66 5.33 17.00 6.00 3.66 7.66 
32.66 0 26.00 26.66 25.00 17.66 
25.66 10.00 19.33 13.66 28.66 5.66 
31.00 13.33 20.66 12.33 30.66 6.66 
10.00 28.66 21.00 15.00 23.33 33.00 
.66 21.00 29.66 13.66 31.66 28.00 
25.66 3.33 29.00 8.00 .66 28.66 
14.33 5.66 27.33 7.00 17.33 4.00 
11.00 21.66 32.66 12.66 6.33 3.33 
17.33 5.66 22.66 8.66 20.33 1.66 
13.00 31.33 13.33 33.00 16.00 6.66 
19.33 26.33 26.33 23.00 23.66 21.33 
2.00 4.00 32.33 1.33 5.33 32.66 
26.33 0 13.33 27.66 16.33 21.66 
17.00 4.33 9.66 28.00 20.66 9.66 
20.00 11.33 4.00 .33 4.00 10.66 
12.00 30.66 5.00 14.66 27.33 20.00 
2.00 3.33 24.00 7.33 20.66 20.66 
23.00 32.66 1.00 11.33 5.33 20.33 
7.00 8.33 .66 8.00 31.00 15.00 
27.33 6.00 .66 26.33 17.00 24.33 
31.00 19.00 25.00 17.33 25.66 9.00 
3.33 20.33 31.00 26.33 24.66 22.33 
2.00 15.00 31.33 22.33 22.66 21.00 
.66 18.00 2.66 10.66 28.66 16.33 
20.00 17.33 7.33 .33 6.33 24.33 
26.00 23.33 29.00 29.00 13.00 28.66 
0 22.00 29.66 20.33 9.33 14.00 
28.33 12.00 27.00 15.00 16.33 26.66 
32.00 10.33 27.33 10.66 29.33 5.00 
23.33 31.66 1.00 17.66 10.33 16.00 
