27.5 7.0 24.0 31.0 39.0 20.5 
16.0 26.0 47.0 5.5 8.5 41.5 
41.5 6.5 30.5 34.5 22.0 19.5 
38.5 17.0 17.0 1.0 46.5 12.0 
12.5 14.0 24.5 46.0 1.5 4.0 
22.0 43.5 31.5 31.0 11.5 49.0 
45.0 10.0 3.0 39.5 16.0 15.0 
36.5 45.5 20.5 18.0 0 46.5 
31.5 48.0 8.5 28.0 15.0 40.5 
18.5 28.0 17.5 45.0 34.5 17.5 
16.0 27.0 43.5 30.5 40.5 49.5 
10.5 38.5 23.5 27.0 49.5 18.0 
46.5 3.5 42.5 6.0 33.5 8.0 
32.5 26.5 13.5 29.5 49.0 47.0 
11.5 3.5 29.5 9.5 37.5 6.5 
23.5 34.0 39.5 41.5 40.5 43.0 
25.5 24.5 42.0 48.0 35.5 47.0 
11.5 49.5 4.5 8.5 27.5 35.0 
24.5 39.5 31.0 25.5 3.0 48.0 
28.0 8.0 25.5 9.0 5.5 11.5 
49.0 0 39.0 40.0 37.5 26.5 
38.5 15.0 29.0 20.5 43.0 8.5 
46.5 20.0 31.0 18.5 46.0 10.0 
15.0 43.0 31.5 22.5 35.0 49.5 
1.0 31.5 44.5 20.5 47.5 42.0 
38.5 5.0 43.5 12.0 1.0 43.0 
21.5 8.5 41.0 10.5 26.0 6.0 
16.5 32.5 49.0 19.0 9.5 5.0 
26.0 8.5 34.0 13.0 30.5 2.5 
19.5 47.0 20.0 49.5 24.0 10.0 
29.0 39.5 39.5 34.5 35.5 32.0 
3.0 6.0 48.5 2.0 8.0 49.0 
39.5 0 20.0 41.5 24.5 32.5 
25.5 6.5 14.5 42.0 31.0 14.5 
30.0 17.0 6.0 .5 6.0 16.0 
18.0 46.0 7.5 22.0 41.0 30.0 
3.0 5.0 36.0 11.0 31.0 31.0 
34.5 49.0 1.5 17.0 8.0 30.5 
10.5 12.5 1.0 12.0 46.5 22.5 
41.0 9.0 1.0 39.5 25.5 36.5 
46.5 28.5 37.5 26.0 38.5 13.5 
5.0 30.5 46.5 39.5 37.0 33.5 
3.0 22.5 47.0 33.5 34.0 31.5 
1.0 27.0 4.0 16.0 43.0 24.5 
30.0 26.0 11.0 .5 9.5 36.5 
39.0 35.0 43.5 43.5 19.5 43.0 
0 33.0 44.5 30.5 14.0 21.0 
42.5 18.0 40.5 22.5 24.5 40.0 
48.0 15.5 41.0 16.0 44.0 7.5 
35.0 47.5 1.5 26.5 15.5 24.0 
